SWV ITM Data Console - ITM Port: 0
0.36155
1.25163
2.26980
3.23565
4.18022
5.08166
5.94996
6.81211
7.64580
8.43635
9.18682
9.90191
10.58619
11.25099
11.88999
12.50399
13.10933
13.69245
14.26441
14.80827
15.31796
15.81531
16.28168
16.72321
17.16316
17.59812
18.01441
18.40049
18.75039
19.10847
19.48486
19.86515
20.24749
20.61624
20.96838
21.30787
21.64202
21.96928
22.26909
22.55615
22.82566
23.06605
23.30592
23.54699
23.79790
24.05832
24.30029
24.52784
24.75007
24.96714
25.18439
25.38627
25.57323
25.75786
25.94196
26.13073
26.30672
26.46516
26.61868
26.77263
26.94083
27.10037
27.24284
27.38264
27.51809
27.65108
27.77130
27.88606
28.00245
28.11869
28.23133
28.33356
28.42743
28.50801
28.59474
28.69089
28.78234
28.87267
28.95848
29.02952
29.09662
29.16338
29.22460
29.29258
29.36191
29.41525
29.47040
29.53595
29.58908
29.64403
29.70765
29.77449
29.83580
29.89002
29.93910
29.99358
30.04291
30.08033
30.11832
30.14821
30.18583
30.22573
30.26095
30.29853
30.32456
30.36017
30.41024
30.44493
30.47507
30.51813
30.56157
30.59675
30.63084
30.64312
30.64463
30.65821
30.67655
30.69952
30.71659
30.72620
30.73552
30.73936
30.76211
30.78934
30.82265
30.86358
30.87383
30.88376
30.91414
30.94704
30.97546
31.00300
31.02450
31.04014
31.05183
31.04933
31.04344
31.04984
31.06989
31.09104
31.10116
31.11096
31.11008
31.10058
31.10521
31.12008
31.14141
31.15342
31.15815
31.16446
31.16538
31.16281
31.16551
31.18197
31.19619
31.21688
31.23694
31.24080
31.25493
31.28591
31.29864
31.29713
31.29394
31.28220
31.28293
31.28883
31.29282
31.29841
31.29518
31.27648
31.26528
31.26653
31.26602
31.26726
31.27710
31.30221
31.30405
31.28680
31.27009
31.24525
31.22983
31.20970
31.17462
31.12852
31.08558
31.05261
31.03624
31.02211
31.00669
30.99693
30.98575
30.98010
30.97982
30.97954
30.97063
30.98448
31.01347
31.03810
31.06024
31.07996
31.10772
31.13289
31.15728
31.20167
31.23085
31.23144
31.23375
31.24463
31.24998
31.24825
31.25177
31.26036
31.26869
31.27157
31.27609
31.27528
31.28834
31.31483
31.33012
31.34147
31.34902
31.35460
31.35827
31.38087
31.40795
31.41343
31.41875
31.42735
31.44088
31.45226
31.46502
31.47220
31.46877
31.46545
31.46569
31.46592
31.46615
31.50096
31.56065
31.61676
31.67977
31.73738
31.78455
31.84928
31.91893
31.97777
32.02094
32.04548
32.08137
32.12653
32.16336
32.17830
32.16509
32.14710
32.13140
32.11099
32.09122
32.06860
32.04496
32.02031
31.99297
31.97167
31.95622
31.94817
31.94036
31.93107
31.91688
31.89620
31.87617
31.86022
31.85341
31.85201
31.84026
31.82196
31.81634
31.81263
31.80556
31.79699
31.78349
31.77215
31.76634
31.76244
31.75175
31.74657
31.76232
31.78622
31.78863
31.77885
31.76419
31.74825
31.74145
31.73314
31.71989
31.70532
31.69986
31.69975
31.70311
31.70290
31.69924
31.69223
31.67852
31.67216
31.67464
31.67013
31.65883
31.64443
31.63566
31.63408
31.63602
31.63270
31.62257
31.61967
31.62378
31.62776
31.61259
31.59270
31.58899
31.59233
31.59382
31.58316
31.56765
31.56472
31.56880
31.56584
31.56124
31.55505
31.54732
31.55194
31.55642
31.55384
31.55307
31.55406
31.54982
31.54745
31.54515
31.53773
31.53745
31.53719
31.53002
31.52826
31.54039
31.54869
31.54462
31.53895
31.53172
31.54375
31.56578
31.57156
31.57024
31.56550
31.55918
31.54959
31.54550
31.55537
31.55974
31.55879
31.56133
31.55859
31.54730
31.54500
31.55142
31.54554
31.54330
31.54458
31.53891
31.54206
31.54858
31.55143
31.55593
31.56029
31.55932
31.55319
31.55244
31.55690
31.56469
31.57050
31.57095
31.57310
31.57347
31.56690
31.56054
31.55610
31.55353
31.54931
31.54868
31.55672
31.55586
31.54292
31.53038
31.53726
31.54392
31.54000
31.53274
31.52052
31.51559
31.52985
31.55577
31.59646
31.65491
31.72194
31.76612
31.77780
31.80815
31.86696
31.93433
31.99269
32.02676
32.02863
32.04255
32.08371
32.13398
32.19481
32.25028
32.30231
32.35445
32.40152
32.44540
32.48965
32.54463
32.59964
32.64084
32.67903
32.72642
32.77060
32.80131
32.83280
32.87196
32.90298
32.92266
32.94174
32.96541
32.99873
33.02755
33.05030
33.07060
33.08509
33.09740
33.11625
33.13105
33.13847
33.15259
33.15070
33.14540
33.16103
33.13811
33.05191
32.95799
32.83005
32.77761
32.71988
32.65009
32.58247
32.51867
32.46377
32.42096
32.36563
32.29818
32.24146
32.20900
32.18965
32.15533
32.11861
32.08650
32.05192
32.02360
31.98924
31.94210
31.88951
31.83509
31.79446
31.77239
31.75274
31.73196
31.71529
31.70087
31.67305
31.64956
31.65101
31.64723
31.63146
31.61098
31.59287
31.58570
31.58221
31.61343
31.68174
31.74621
31.80348
31.85206
31.89740
31.93788
31.96672
31.98602
31.99780
31.99884
31.99293
31.98719
31.98164
31.96588
31.93850
31.90850
31.86560
31.84133
31.86798
31.92493
31.98705
32.05069
32.11237
32.16694
32.21982
32.27279
32.32239
32.36007
32.39140
32.43213
32.47679
32.52179
